0100010101011001011010110111111101110000100000100110001111000001
1110011111110111101111101100100110001111100000011001111010100111
0010001100101110010000010001000101001111110111111111111110100101
0111011010000000110110001111000011111110000001110011111011111010
0000100111001001011011001111110001110011001100110110011100110100
0001001001110110001101011010010001011100011111100011001100010010
1011111111011010100001101001000111011101111100011100010011101100
0111101001010110011000111000110000111111011101010011010000100010
1101000111000101000010101011001100001100001010111100010001110001
0011111110010001111010011101011110000110110011100101011110111001
1010010001111000010011010111100101101011001100100101110011001010
1011010111110101101000000010001101010001110101100111010111001001
0001110011010101100111100000001100001001101011111101001101010010
0000001011001001010000101011000100000100001100110101101101110011
0000100110111010000011101000111001110010111011000001000100001010
1001110101110000110110011010100101011011110010010100000110000010
1000001011100110001001010011111011110011001101000010010100110110
0111100110101101010011010010010101110110110011101001001010101011
0110100000100111011110011001000000001101000110000011011110111101
0100010110001000111110111011110101100110111111000010111011111101
1010111100001011011000100010101111100001011101100101001011111000
0000000101110101110001000111100010111110101011010000000011100010
0111100100111100110100011101100010011000110011110101000110101010
0111010001010010110101101100100100010101010100100111101100100010
1010000001000111000011001011111111111001101111111110101000010011
0011101001010000100101111111111010001010000100101001001110001001
1100100000101101000101101001100110010111101011100010001011111100
1011010110111011010100011011101110101010000110110000110010001011
1110010010110101110111111101111101101000110000011010000010000101
0000111010110010000110101110111000000000011101000100011101011001
0010010100101101111101011100110101011100111000111000000000001010
1011111001110111000011010010001001100101101101001110000000100001
1001011000010010101010110110110001110011001001110111010111111101
0100110001010000100111011111001101111000111000010011010111101110
1001100011010010010000010110111001100010100001001110100000101111
1010010110010010000101101100100001000000010111010001010111111010
0010000101001101001000111111101001000111101011111000100111011000
0110100110111111100011100101100101000110000101110101000001101100
0011111010001011110111010101010110010101110111001100010000100100
1000100010101111101101001011011110100001110100110011101010111000
1110101011100101100111111100110111110011101110001101001010100111
0101000001110010100001100010000110000000011001100011101001101100
0110001000100111110001001011111001111011101011011010010000011111
0100011100001010101110101101100000010110111111101000110000110001
0100011101110011110001011001110010101110110010011000101110010001
0101000110000101101111011011010101100010111111100000011111110110
1110000101100011001000001001011110111110001100010000111100000001
0100011110001011001111101001010101011100000011110110011111001100